10
5 3
0 0 1 1 1
1 1 1 1 0
0 0 1 0 0
0 1 1 1 1
1 1 1 0 1
5 3
1 0 0 1 0
1 1 0 1 1
1 0 1 1 1
0 1 1 0 1
0 1 1 1 0
8 3
1 1 0 1 0 1 1 1
0 1 0 1 0 0 0 1
1 1 1 0 0 1 0 1
0 1 0 1 0 1 1 1
0 0 0 1 0 1 0 1
1 1 1 1 1 1 0 0
0 1 0 0 0 1 0 1
1 1 1 0 1 1 1 1
8 4
0 1 1 1 0 1 1 1
1 0 0 1 0 1 0 0
1 0 0 1 1 1 0 1
1 1 1 0 0 1 1 1
0 0 1 0 0 1 0 1
1 1 1 1 1 0 0 0
0 1 0 0 1 0 0 0
1 1 1 0 1 1 1 0
10 3
0 1 0 0 0 1 0 0 0 1
0 1 0 1 0 1 0 1 1 1
1 1 1 1 1 1 1 1 0 1
0 1 0 0 1 0 0 1 0 0
0 1 1 1 1 0 1 1 1 0
0 0 0 1 0 1 0 0 1 0
0 1 1 1 0 1 1 1 1 1
0 1 0 0 0 1 0 0 0 1
1 1 1 0 0 0 0 1 1 1
0 0 1 1 1 0 0 1 0 0
10 4
0 0 1 0 0 0 1 0 0 1
0 0 1 1 0 0 1 1 1 1
1 1 1 1 1 1 1 1 0 1
0 0 1 0 1 0 0 1 0 0
0 1 1 1 1 1 0 1 1 1
0 0 0 1 0 0 1 0 1 0
0 1 1 1 0 1 1 1 0 1
0 0 1 0 0 0 1 0 0 1
1 1 1 0 0 0 0 1 1 1
0 1 0 1 1 0 1 1 1 0
12 3
0 1 0 1 0 1 0 1 0 1 0 1
1 1 0 1 1 1 0 1 1 1 0 1
0 1 1 1 0 1 1 1 0 1 1 1
0 0 1 0 0 0 1 0 0 0 1 0
0 1 1 1 0 1 1 1 0 1 1 1
1 1 0 1 1 1 0 1 1 1 0 1
0 1 1 1 0 1 1 1 0 1 1 1
0 0 1 0 0 0 1 0 0 0 1 0
0 1 1 1 0 1 1 1 0 1 1 1
1 1 0 1 1 1 0 1 1 1 0 1
0 1 1 1 0 1 1 1 0 1 1 1
0 0 1 0 0 0 1 0 0 0 1 0
12 4
0 1 1 1 0 1 1 1 0 1 1 1
1 1 0 1 1 1 0 1 1 1 0 1
1 1 1 1 1 1 1 1 1 1 1 1
1 0 1 0 1 0 1 0 1 0 1 0
0 1 1 1 0 1 1 1 0 1 1 1
1 1 0 1 1 1 0 1 1 1 0 1
1 1 1 1 1 1 1 1 1 1 1 1
1 0 1 0 1 0 1 0 1 0 1 0
0 1 1 1 0 1 1 1 0 1 1 1
1 1 0 1 1 1 0 1 1 1 0 1
1 1 1 1 1 1 1 1 1 1 1 1
1 0 1 0 1 0 1 0 1 0 1 0
15 3
1 1 1 0 1 1 1 0 1 1 1 0 1 1 1
0 1 1 1 0 1 1 1 0 1 1 1 0 1 1
1 0 1 1 1 0 1 1 1 0 1 1 1 0 1
1 1 0 1 1 1 0 1 1 1 0 1 1 1 0
1 1 1 0 1 1 1 0 1 1 1 0 1 1 1
0 1 1 1 0 1 1 1 0 1 1 1 0 1 1
1 0 1 1 1 0 1 1 1 0 1 1 1 0 1
1 1 0 1 1 1 0 1 1 1 0 1 1 1 0
1 1 1 0 1 1 1 0 1 1 1 0 1 1 1
0 1 1 1 0 1 1 1 0 1 1 1 0 1 1
1 0 1 1 1 0 1 1 1 0 1 1 1 0 1
1 1 0 1 1 1 0 1 1 1 0 1 1 1 0
1 1 1 0 1 1 1 0 1 1 1 0 1 1 1
0 1 1 1 0 1 1 1 0 1 1 1 0 1 1
1 0 1 1 1 0 1 1 1 0 1 1 1 0 1
15 2
1 1 1 0 1 1 1 0 1 1 1 0 1 1 1
0 1 0 1 0 1 0 1 0 1 0 1 0 1 0
1 0 1 1 1 0 1 1 1 0 1 1 1 0 1
0 1 0 1 0 1 0 1 0 1 0 1 0 1 0
1 1 1 0 1 1 1 0 1 1 1 0 1 1 1
0 1 0 1 0 1 0 1 0 1 0 1 0 1 0
1 0 1 1 1 0 1 1 1 0 1 1 1 0 1
0 1 0 1 0 1 0 1 0 1 0 1 0 1 0
1 1 1 0 1 1 1 0 1 1 1 0 1 1 1
0 1 0 1 0 1 0 1 0 1 0 1 0 1 0
1 0 1 1 1 0 1 1 1 0 1 1 1 0 1
0 1 0 1 0 1 0 1 0 1 0 1 0 1 0
1 1 1 0 1 1 1 0 1 1 1 0 1 1 1
0 1 0 1 0 1 0 1 0 1 0 1 0 1 0
1 0 1 1 1 0 1 1 1 0 1 1 1 0 1


1
4 12
1 2 1
1 1 2
4 3 1
4 4 2
2 1 1
4 2 2
3 4 1
1 3 2
2 4 1
1 4 2
4 1 2
3 1 2