4
0 10 15 20
5 0 9 10
6 13 0 12
8 8 9 0

5 0 0 3 0 2 2 0 3 0 0 5 4 0 1 1 0 4
4 1 0 3 0 2 4 1 0 1 1 3 0 0 5 1 1 3
5 0 0 4 0 1 2 2 1 2 0 3 1 0 4 0 0 5
5 0 0 3 1 1 2 1 2 2 0 3 0 0 5 1 0 4
5 0 0 3 0 2 2 0 3 0 0 5 4 0 1 6 6 6
5 0 0 3 0 2 2 0 3 0 0 5 4 0 1 6 6 6
5 0 0 3 0 2 2 0 3 0 0 5 4 0 1 6 6 6
5 0 0 3 0 2 2 0 3 0 0 5 4 0 1 6 6 6
5 0 0 3 0 2 2 0 3 0 0 5 4 0 1 1 0 4
5 0 0 3 0 2 2 0 3 0 0 5 4 0 1 1 0 4
5 0 0 3 0 2 2 0 3 0 0 5 4 0 1 1 0 4
5 0 0 3 0 2 2 0 3 0 0 5 4 0 1 1 0 4
9 9 9 9 9 9 9 9 9 9 9 9 9 9 9 9 9 9
9 9 9 9 9 9 9 9 9 9 9 9 9 9 9 9 9 9
9 9 9 9 9 9 9 9 9 9 9 9 9 9 9 9 9 9
9 9 9 9 9 9 9 9 9 9 9 9 9 9 9 9 9 9
5 0 0 3 0 2 2 0 3 0 0 5 4 0 1 1 0 4
4 1 0 3 0 2 4 1 0 1 1 3 0 0 5 1 1 3
5 0 0 4 0 1 2 2 1 2 0 3 1 0 4 0 0 5
5 0 0 3 1 1 2 1 2 2 0 3 0 0 5 1 0 4
5 0 0 3 0 2 2 0 3 0 0 5 4 0 1 6 6 6
5 0 0 3 0 2 2 0 3 0 0 5 4 0 1 6 6 6
5 0 0 3 0 2 2 0 3 0 0 5 4 0 1 6 6 6
5 0 0 3 0 2 2 0 3 0 0 5 4 0 1 6 6 6
5 0 0 3 0 2 2 0 3 0 0 5 4 0 1 1 0 4
5 0 0 3 0 2 2 0 3 0 0 5 4 0 1 1 0 4
5 0 0 3 0 2 2 0 3 0 0 5 4 0 1 1 0 4
5 0 0 3 0 2 2 0 3 0 0 5 4 0 1 1 0 4
9 9 9 9 9 9 9 9 9 9 9 9 9 9 9 9 9 9
9 9 9 9 9 9 9 9 9 9 9 9 9 9 9 9 9 9
9 9 9 9 9 9 9 9 9 9 9 9 9 9 9 9 9 9
9 9 9 9 9 9 9 9 9 9 9 9 9 9 9 9 9 9