10
4
1 2
1 3
1 4
1 5
4
8 D
10 D
11 D
13 L

6
3
3 4
2 5
5 3
3
3 D
15 L
17 D





10
0 0 64 32 32 0 0 0 0 0
0 32 32 64 0 0 0 0 0 0
0 0 128 0 0 0 0 0 0 0
64 64 128 0 0 0 0 0 0 0
0 0 64 32 32 0 0 0 0 0
0 32 32 64 0 0 0 0 0 0
0 0 128 0 0 0 0 0 0 0
64 64 128 0 0 0 0 0 0 0
128 32 2 4 0 0 0 0 0 0
0 0 128 0 0 0 0 0 0 0
1024

7
2 2 2 2 2 2 2
2 0 2 2 2 2 2
2 0 2 2 2 2 2
2 0 2 2 2 2 2
2 2 2 0 2 2 2
2 2 2 2 2 2 0
2 2 2 2 2 2 0
32

10
16 16 8 32 32 0 0 8 8 8
16 0 0 0 0 8 0 0 0 16
0 0 0 0 0 0 0 0 0 2
0 0 0 0 0 0 0 0 0 0
0 0 0 0 0 0 0 0 0 0
0 0 0 0 0 0 0 0 0 0
0 0 0 0 0 0 0 0 0 0
0 0 0 0 0 0 0 0 0 0
0 0 0 0 0 0 0 0 0 0
0 0 0 0 0 0 0 0 0 0
64

3
2 2 2
4 4 4
8 8 8



4
64 0 8 0
0 0 16 0
0 0 128 64
0 2 0 0
256

3
8 4 0
4 0 0
0 8 0
16



4
8 32 1024 8
2 1024 128 0
0 0 1024 128
0 1024 0 64
4096

10
8 8 4 16 32 0 0 8 8 8
8 8 4 0 0 8 0 0 0 0
16 0 0 16 0 0 0 0 0 0
0 0 0 0 0 0 0 0 0 0
0 0 0 0 0 0 0 0 0 0
0 0 0 0 0 0 0 0 0 0
0 0 0 0 0 0 0 0 0 0
0 0 0 0 0 0 0 0 0 0
0 0 0 0 0 0 0 0 0 16
0 0 0 0 0 0 0 0 0 2
128

3
4 512 2
512 2 64
4 8 64
1024

3
1024 32 512
0 256 128
128 0 0
1024

3
64 2 128
8 0 0
64 2 8
256





9
4 2 0 0 0 0 0 0 0
4 8 0 0 0 0 0 0 0
4 0 0 0 0 0 0 0 0
8 0 0 0 0 0 0 0 0
8 0 0 0 0 0 0 0 0
8 0 0 0 0 0 0 0 0
8 0 0 0 0 0 0 0 0
8 4 0 0 0 0 0 0 0
8 2 0 0 0 0 0 0 0
64

10
16 16 8 32 32 0 0 8 8 8
16 0 0 0 0 8 0 0 0 16
0 0 0 0 0 0 0 0 0 2
0 0 0 0 0 0 0 0 0 0
0 0 0 0 0 0 0 0 0 0
0 0 0 0 0 0 0 0 0 0
0 0 0 0 0 0 0 0 0 0
0 0 0 0 0 0 0 0 0 0
0 0 0 0 0 0 0 0 0 0
0 0 0 0 0 0 0 0 0 0
128

7
64 0 0 0 0 0 0
32 0 0 0 0 0 0
16 0 0 0 0 0 0
8 0 0 0 0 0 0
4 0 0 0 0 0 0
2 0 0 0 0 0 0
2 0 0 0 0 0 0
64


3
256 8 128
16 0 256
0 8 0
512

3
0 8 1024
4 0 4
0 1024 32
2048


3
0 8 1024
4 0 4
0 1024 32

3
256 8 128
16 0 256
0 8 0

3
4 512 2
512 2 64
4 8 64

4
2 2 2 2
2 2 2 2
2 2 2 2
2 2 2 2

2
8 16
16 8

1
16

10
0 0 0 0 0 32 8 64 8 16
0 0 0 0 0 0 0 16 8 16
0 0 0 0 0 0 0 0 0 2
0 0 0 0 0 0 0 0 0 0
0 0 0 0 0 0 0 0 0 0
0 0 0 0 0 0 0 0 0 0
0 0 0 0 0 0 0 0 0 0
0 0 0 0 0 0 0 0 0 0
0 0 0 0 0 0 0 0 0 0
0 0 0 0 0 0 0 0 0 0

10
8 8 4 16 32 0 0 8 8 8
8 8 4 0 0 8 0 0 0 0
16 0 0 16 0 0 0 0 0 0
0 0 0 0 0 0 0 0 0 0
0 0 0 0 0 0 0 0 0 0
0 0 0 0 0 0 0 0 0 0
0 0 0 0 0 0 0 0 0 0
0 0 0 0 0 0 0 0 0 0
0 0 0 0 0 0 0 0 0 16
0 0 0 0 0 0 0 0 0 2

4
0 0 0 0
4 0 0 0
8 32 4 0
8 8 4 0

4
8 16 0 0
0 0 16 8
0 0 0 0
0 0 0 0

2
8 16
16 8

3
2 2 4
0 0 0
0 0 0

10
0 0 64 32 32 0 0 0 0 0
0 32 32 64 0 0 0 0 0 0
0 0 128 0 0 0 0 0 0 0
64 64 128 0 0 0 0 0 0 0
0 0 64 32 32 0 0 0 0 0
0 32 32 64 0 0 0 0 0 0
0 0 128 0 0 0 0 0 0 0
64 64 128 0 0 0 0 0 0 0
128 32 2 4 0 0 0 0 0 0
0 0 128 0 0 0 0 0 0 0

7
2 2 2 2 2 2 2
2 0 2 2 2 2 2
2 0 2 2 2 2 2
2 0 2 2 2 2 2
2 2 2 0 2 2 2
2 2 2 2 2 2 0
2 2 2 2 2 2 0

2
16 0
0 0

5
2 2 4 8 16
0 0 0 0 0
0 0 0 0 0
0 0 0 0 0
2 2 4 8 16

10
16 16 8 32 32 0 0 8 8 8
16 0 0 0 0 8 0 0 0 16
0 0 0 0 0 0 0 0 0 2
0 0 0 0 0 0 0 0 0 0
0 0 0 0 0 0 0 0 0 0
0 0 0 0 0 0 0 0 0 0
0 0 0 0 0 0 0 0 0 0
0 0 0 0 0 0 0 0 0 0
0 0 0 0 0 0 0 0 0 0
0 0 0 0 0 0 0 0 0 0

3
2 2 2
2 2 2
2 2 2

3
2 2 2
4 4 4
8 8 8

10
0 0 64 32 32 0 0 0 0 0
0 32 32 64 0 0 0 0 0 0
0 0 128 0 0 0 0 0 0 0
64 64 128 0 0 0 0 0 0 0
0 0 64 32 32 0 0 0 0 0
0 32 32 64 0 0 0 0 0 0
0 0 128 0 0 0 0 0 0 0
64 64 128 0 0 0 0 0 0 0
128 32 2 4 0 0 0 0 0 0
0 0 128 0 0 0 0 0 0 0


20
1024 1024 1024 1024 1024 1024 1024 1024 1024 1024 1024 1024 1024 1024 1024 1024 1024 1024 1024 1024
1024 1024 1024 1024 1024 1024 1024 1024 1024 1024 1024 1024 1024 1024 1024 1024 1024 1024 1024 1024
1024 1024 1024 1024 1024 1024 1024 1024 1024 1024 1024 1024 1024 1024 1024 1024 1024 1024 1024 1024
1024 1024 1024 1024 1024 1024 1024 1024 1024 1024 1024 1024 1024 1024 1024 1024 1024 1024 1024 1024
1024 1024 1024 1024 1024 1024 1024 1024 1024 1024 1024 1024 1024 1024 1024 1024 1024 1024 1024 1024
1024 1024 1024 1024 1024 1024 1024 1024 1024 1024 1024 1024 1024 1024 1024 1024 1024 1024 1024 1024
1024 1024 1024 1024 1024 1024 1024 1024 1024 1024 1024 1024 1024 1024 1024 1024 1024 1024 1024 1024
1024 1024 1024 1024 1024 1024 1024 1024 1024 1024 1024 1024 1024 1024 1024 1024 1024 1024 1024 1024
1024 1024 1024 1024 1024 1024 1024 1024 1024 1024 1024 1024 1024 1024 1024 1024 1024 1024 1024 1024
1024 1024 1024 1024 1024 1024 1024 1024 1024 1024 1024 1024 1024 1024 1024 1024 1024 1024 1024 1024
1024 1024 1024 1024 1024 1024 1024 1024 1024 1024 1024 1024 1024 1024 1024 1024 1024 1024 1024 1024
1024 1024 1024 1024 1024 1024 1024 1024 1024 1024 1024 1024 1024 1024 1024 1024 1024 1024 1024 1024
1024 1024 1024 1024 1024 1024 1024 1024 1024 1024 1024 1024 1024 1024 1024 1024 1024 1024 1024 1024
1024 1024 1024 1024 1024 1024 1024 1024 1024 1024 1024 1024 1024 1024 1024 1024 1024 1024 1024 1024
1024 1024 1024 1024 1024 1024 1024 1024 1024 1024 1024 1024 1024 1024 1024 1024 1024 1024 1024 1024
1024 1024 1024 1024 1024 1024 1024 1024 1024 1024 1024 1024 1024 1024 1024 1024 1024 1024 1024 1024
1024 1024 1024 1024 1024 1024 1024 1024 1024 1024 1024 1024 1024 1024 1024 1024 1024 1024 1024 1024
1024 1024 1024 1024 1024 1024 1024 1024 1024 1024 1024 1024 1024 1024 1024 1024 1024 1024 1024 1024
1024 1024 1024 1024 1024 1024 1024 1024 1024 1024 1024 1024 1024 1024 1024 1024 1024 1024 1024 1024
1024 1024 1024 1024 1024 1024 1024 1024 1024 1024 1024 1024 1024 1024 1024 1024 1024 1024 1024 1024


2
1024 1
1 2048

3
2 64 0
0 256 1024
1024 16 256
1024

3
4 32 8
8 2 0
32 8 0
32

3
16 0 512
256 0 1024
512 0 0
2048

3
16 2 256
2 64 256
256 256 32
1024

5
2 2 4 8 16
0 0 0 0 0
0 0 0 0 0
0 0 0 0 0
2 2 4 8 16

10
8 8 4 16 32 0 0 8 8 8
8 8 4 0 0 8 0 0 0 0
16 0 0 16 0 0 0 0 0 0
0 0 0 0 0 0 0 0 0 0
0 0 0 0 0 0 0 0 0 0
0 0 0 0 0 0 0 0 0 0
0 0 0 0 0 0 0 0 0 0
0 0 0 0 0 0 0 0 0 0
0 0 0 0 0 0 0 0 0 16
0 0 0 0 0 0 0 0 0 2
64

10
0 0 0 0 0 32 8 64 8 16
0 0 0 0 0 0 0 16 8 16
0 0 0 0 0 0 0 0 0 2
0 0 0 0 0 0 0 0 0 0
0 0 0 0 0 0 0 0 0 0
0 0 0 0 0 0 0 0 0 0
0 0 0 0 0 0 0 0 0 0
0 0 0 0 0 0 0 0 0 0
0 0 0 0 0 0 0 0 0 0
0 0 0 0 0 0 0 0 0 0
128

10
16 16 8 32 32 0 0 8 8 8
16 0 0 0 0 8 0 0 0 16
0 0 0 0 0 0 0 0 0 2
0 0 0 0 0 0 0 0 0 0
0 0 0 0 0 0 0 0 0 0
0 0 0 0 0 0 0 0 0 0
0 0 0 0 0 0 0 0 0 0
0 0 0 0 0 0 0 0 0 0
0 0 0 0 0 0 0 0 0 0
0 0 0 0 0 0 0 0 0 0

4
0 0 0 0
4 0 0 0
8 32 4 0
8 8 4 0

4
8 16 0 0
0 0 16 8
0 0 0 0
0 0 0 0
32

2
8 16
16 8
16

3
2 2 2
4 4 4
8 8 8
16

5
2 2 4 8 16
0 0 0 0 0
0 0 0 0 0
0 0 0 0 0
2 2 4 8 16


