8
101 100 101
100 1 100

3
26 40 83
49 60 57
13 89 99

5
5 4 4
2 2 3
3 2 2
2 1 2
1 3 1

3
1 115 115
3 10 999
999 999 1
3
2 2 5
2 1 5
5 1 1
10
711 572 325
209 187 673
512 930 898
759 85 260
136 226 532
201 3 959
132 607 359
601 775 848
462 776 920
74 807 671


1000
5 5 5
4 1 1
5 3 5
4 5 2
1 3 5
5 5 5
4 1 1
5 3 5
4 5 2
1 3 5
5 5 5
4 1 1
5 3 5
4 5 2
1 3 5
5 5 5
4 1 1
5 3 5
4 5 2
1 3 5
5 5 5
4 1 1
5 3 5
4 5 2
1 3 5
5 5 5
4 1 1
5 3 5
4 5 2
1 3 5
5 5 5
4 1 1
5 3 5
4 5 2
1 3 5
5 5 5
4 1 1
5 3 5
4 5 2
1 3 5
5 5 5
4 1 1
5 3 5
4 5 2
1 3 5
5 5 5
4 1 1
5 3 5
4 5 2
1 3 5
5 5 5
4 1 1
5 3 5
4 5 2
1 3 5
5 5 5
4 1 1
5 3 5
4 5 2
1 3 5
5 5 5
4 1 1
5 3 5
4 5 2
1 3 5
5 5 5
4 1 1
5 3 5
4 5 2
1 3 5
5 5 5
4 1 1
5 3 5
4 5 2
1 3 5
5 5 5
4 1 1
5 3 5
4 5 2
1 3 5
5 5 5
4 1 1
5 3 5
4 5 2
1 3 5
5 5 5
4 1 1
5 3 5
4 5 2
1 3 5
5 5 5
4 1 1
5 3 5
4 5 2
1 3 5
5 5 5
4 1 1
5 3 5
4 5 2
1 3 5
5 5 5
4 1 1
5 3 5
4 5 2
1 3 5
5 5 5
4 1 1
5 3 5
4 5 2
1 3 5
5 5 5
4 1 1
5 3 5
4 5 2
1 3 5
5 5 5
4 1 1
5 3 5
4 5 2
1 3 5
5 5 5
4 1 1
5 3 5
4 5 2
1 3 5
5 5 5
4 1 1
5 3 5
4 5 2
1 3 5
5 5 5
4 1 1
5 3 5
4 5 2
1 3 5
5 5 5
4 1 1
5 3 5
4 5 2
1 3 5
5 5 5
4 1 1
5 3 5
4 5 2
1 3 5
5 5 5
4 1 1
5 3 5
4 5 2
1 3 5
5 5 5
4 1 1
5 3 5
4 5 2
1 3 5
5 5 5
4 1 1
5 3 5
4 5 2
1 3 5
5 5 5
4 1 1
5 3 5
4 5 2
1 3 5
5 5 5
4 1 1
5 3 5
4 5 2
1 3 5
5 5 5
4 1 1
5 3 5
4 5 2
1 3 5
5 5 5
4 1 1
5 3 5
4 5 2
1 3 5
5 5 5
4 1 1
5 3 5
4 5 2
1 3 5
5 5 5
4 1 1
5 3 5
4 5 2
1 3 5
5 5 5
4 1 1
5 3 5
4 5 2
1 3 5
5 5 5
4 1 1
5 3 5
4 5 2
1 3 5
5 5 5
4 1 1
5 3 5
4 5 2
1 3 5
5 5 5
4 1 1
5 3 5
4 5 2
1 3 5
5 5 5
4 1 1
5 3 5
4 5 2
1 3 5
5 5 5
4 1 1
5 3 5
4 5 2
1 3 5
5 5 5
4 1 1
5 3 5
4 5 2
1 3 5
5 5 5
4 1 1
5 3 5
4 5 2
1 3 5
5 5 5
4 1 1
5 3 5
4 5 2
1 3 5
5 5 5
4 1 1
5 3 5
4 5 2
1 3 5
5 5 5
4 1 1
5 3 5
4 5 2
1 3 5
5 5 5
4 1 1
5 3 5
4 5 2
1 3 5
5 5 5
4 1 1
5 3 5
4 5 2
1 3 5
5 5 5
4 1 1
5 3 5
4 5 2
1 3 5
5 5 5
4 1 1
5 3 5
4 5 2
1 3 5
5 5 5
4 1 1
5 3 5
4 5 2
1 3 5
5 5 5
4 1 1
5 3 5
4 5 2
1 3 5
5 5 5
4 1 1
5 3 5
4 5 2
1 3 5
5 5 5
4 1 1
5 3 5
4 5 2
1 3 5
5 5 5
4 1 1
5 3 5
4 5 2
1 3 5
5 5 5
4 1 1
5 3 5
4 5 2
1 3 5
5 5 5
4 1 1
5 3 5
4 5 2
1 3 5
5 5 5
4 1 1
5 3 5
4 5 2
1 3 5
5 5 5
4 1 1
5 3 5
4 5 2
1 3 5
5 5 5
4 1 1
5 3 5
4 5 2
1 3 5
5 5 5
4 1 1
5 3 5
4 5 2
1 3 5
5 5 5
4 1 1
5 3 5
4 5 2
1 3 5
5 5 5
4 1 1
5 3 5
4 5 2
1 3 5
5 5 5
4 1 1
5 3 5
4 5 2
1 3 5
5 5 5
4 1 1
5 3 5
4 5 2
1 3 5
5 5 5
4 1 1
5 3 5
4 5 2
1 3 5
5 5 5
4 1 1
5 3 5
4 5 2
1 3 5
5 5 5
4 1 1
5 3 5
4 5 2
1 3 5
5 5 5
4 1 1
5 3 5
4 5 2
1 3 5
5 5 5
4 1 1
5 3 5
4 5 2
1 3 5
5 5 5
4 1 1
5 3 5
4 5 2
1 3 5
5 5 5
4 1 1
5 3 5
4 5 2
1 3 5
5 5 5
4 1 1
5 3 5
4 5 2
1 3 5
5 5 5
4 1 1
5 3 5
4 5 2
1 3 5
5 5 5
4 1 1
5 3 5
4 5 2
1 3 5
5 5 5
4 1 1
5 3 5
4 5 2
1 3 5
5 5 5
4 1 1
5 3 5
4 5 2
1 3 5
5 5 5
4 1 1
5 3 5
4 5 2
1 3 5
5 5 5
4 1 1
5 3 5
4 5 2
1 3 5
5 5 5
4 1 1
5 3 5
4 5 2
1 3 5
5 5 5
4 1 1
5 3 5
4 5 2
1 3 5
5 5 5
4 1 1
5 3 5
4 5 2
1 3 5
5 5 5
4 1 1
5 3 5
4 5 2
1 3 5
5 5 5
4 1 1
5 3 5
4 5 2
1 3 5
5 5 5
4 1 1
5 3 5
4 5 2
1 3 5
5 5 5
4 1 1
5 3 5
4 5 2
1 3 5
5 5 5
4 1 1
5 3 5
4 5 2
1 3 5
5 5 5
4 1 1
5 3 5
4 5 2
1 3 5
5 5 5
4 1 1
5 3 5
4 5 2
1 3 5
5 5 5
4 1 1
5 3 5
4 5 2
1 3 5
5 5 5
4 1 1
5 3 5
4 5 2
1 3 5
5 5 5
4 1 1
5 3 5
4 5 2
1 3 5
5 5 5
4 1 1
5 3 5
4 5 2
1 3 5
5 5 5
4 1 1
5 3 5
4 5 2
1 3 5
5 5 5
4 1 1
5 3 5
4 5 2
1 3 5
5 5 5
4 1 1
5 3 5
4 5 2
1 3 5
5 5 5
4 1 1
5 3 5
4 5 2
1 3 5
5 5 5
4 1 1
5 3 5
4 5 2
1 3 5
5 5 5
4 1 1
5 3 5
4 5 2
1 3 5
5 5 5
4 1 1
5 3 5
4 5 2
1 3 5
5 5 5
4 1 1
5 3 5
4 5 2
1 3 5
5 5 5
4 1 1
5 3 5
4 5 2
1 3 5
5 5 5
4 1 1
5 3 5
4 5 2
1 3 5
5 5 5
4 1 1
5 3 5
4 5 2
1 3 5
5 5 5
4 1 1
5 3 5
4 5 2
1 3 5
5 5 5
4 1 1
5 3 5
4 5 2
1 3 5
5 5 5
4 1 1
5 3 5
4 5 2
1 3 5
5 5 5
4 1 1
5 3 5
4 5 2
1 3 5
5 5 5
4 1 1
5 3 5
4 5 2
1 3 5
5 5 5
4 1 1
5 3 5
4 5 2
1 3 5
5 5 5
4 1 1
5 3 5
4 5 2
1 3 5
5 5 5
4 1 1
5 3 5
4 5 2
1 3 5
5 5 5
4 1 1
5 3 5
4 5 2
1 3 5
5 5 5
4 1 1
5 3 5
4 5 2
1 3 5
5 5 5
4 1 1
5 3 5
4 5 2
1 3 5
5 5 5
4 1 1
5 3 5
4 5 2
1 3 5
5 5 5
4 1 1
5 3 5
4 5 2
1 3 5
5 5 5
4 1 1
5 3 5
4 5 2
1 3 5
5 5 5
4 1 1
5 3 5
4 5 2
1 3 5
5 5 5
4 1 1
5 3 5
4 5 2
1 3 5
5 5 5
4 1 1
5 3 5
4 5 2
1 3 5
5 5 5
4 1 1
5 3 5
4 5 2
1 3 5
5 5 5
4 1 1
5 3 5
4 5 2
1 3 5
5 5 5
4 1 1
5 3 5
4 5 2
1 3 5
5 5 5
4 1 1
5 3 5
4 5 2
1 3 5
5 5 5
4 1 1
5 3 5
4 5 2
1 3 5
5 5 5
4 1 1
5 3 5
4 5 2
1 3 5
5 5 5
4 1 1
5 3 5
4 5 2
1 3 5
5 5 5
4 1 1
5 3 5
4 5 2
1 3 5
5 5 5
4 1 1
5 3 5
4 5 2
1 3 5
5 5 5
4 1 1
5 3 5
4 5 2
1 3 5
5 5 5
4 1 1
5 3 5
4 5 2
1 3 5
5 5 5
4 1 1
5 3 5
4 5 2
1 3 5
5 5 5
4 1 1
5 3 5
4 5 2
1 3 5
5 5 5
4 1 1
5 3 5
4 5 2
1 3 5
5 5 5
4 1 1
5 3 5
4 5 2
1 3 5
5 5 5
4 1 1
5 3 5
4 5 2
1 3 5
5 5 5
4 1 1
5 3 5
4 5 2
1 3 5
5 5 5
4 1 1
5 3 5
4 5 2
1 3 5
5 5 5
4 1 1
5 3 5
4 5 2
1 3 5
5 5 5
4 1 1
5 3 5
4 5 2
1 3 5
5 5 5
4 1 1
5 3 5
4 5 2
1 3 5
5 5 5
4 1 1
5 3 5
4 5 2
1 3 5
5 5 5
4 1 1
5 3 5
4 5 2
1 3 5
5 5 5
4 1 1
5 3 5
4 5 2
1 3 5
5 5 5
4 1 1
5 3 5
4 5 2
1 3 5
5 5 5
4 1 1
5 3 5
4 5 2
1 3 5
5 5 5
4 1 1
5 3 5
4 5 2
1 3 5
5 5 5
4 1 1
5 3 5
4 5 2
1 3 5
5 5 5
4 1 1
5 3 5
4 5 2
1 3 5
5 5 5
4 1 1
5 3 5
4 5 2
1 3 5
5 5 5
4 1 1
5 3 5
4 5 2
1 3 5
5 5 5
4 1 1
5 3 5
4 5 2
1 3 5
5 5 5
4 1 1
5 3 5
4 5 2
1 3 5
5 5 5
4 1 1
5 3 5
4 5 2
1 3 5
5 5 5
4 1 1
5 3 5
4 5 2
1 3 5
5 5 5
4 1 1
5 3 5
4 5 2
1 3 5
5 5 5
4 1 1
5 3 5
4 5 2
1 3 5
5 5 5
4 1 1
5 3 5
4 5 2
1 3 5
5 5 5
4 1 1
5 3 5
4 5 2
1 3 5
5 5 5
4 1 1
5 3 5
4 5 2
1 3 5
5 5 5
4 1 1
5 3 5
4 5 2
1 3 5
5 5 5
4 1 1
5 3 5
4 5 2
1 3 5
5 5 5
4 1 1
5 3 5
4 5 2
1 3 5
5 5 5
4 1 1
5 3 5
4 5 2
1 3 5
5 5 5
4 1 1
5 3 5
4 5 2
1 3 5
5 5 5
4 1 1
5 3 5
4 5 2
1 3 5
5 5 5
4 1 1
5 3 5
4 5 2
1 3 5
5 5 5
4 1 1
5 3 5
4 5 2
1 3 5
5 5 5
4 1 1
5 3 5
4 5 2
1 3 5
5 5 5
4 1 1
5 3 5
4 5 2
1 3 5
5 5 5
4 1 1
5 3 5
4 5 2
1 3 5
5 5 5
4 1 1
5 3 5
4 5 2
1 3 5
5 5 5
4 1 1
5 3 5
4 5 2
1 3 5
5 5 5
4 1 1
5 3 5
4 5 2
1 3 5
5 5 5
4 1 1
5 3 5
4 5 2
1 3 5
5 5 5
4 1 1
5 3 5
4 5 2
1 3 5
5 5 5
4 1 1
5 3 5
4 5 2
1 3 5
5 5 5
4 1 1
5 3 5
4 5 2
1 3 5
5 5 5
4 1 1
5 3 5
4 5 2
1 3 5
5 5 5
4 1 1
5 3 5
4 5 2
1 3 5
5 5 5
4 1 1
5 3 5
4 5 2
1 3 5
5 5 5
4 1 1
5 3 5
4 5 2
1 3 5
5 5 5
4 1 1
5 3 5
4 5 2
1 3 5
5 5 5
4 1 1
5 3 5
4 5 2
1 3 5
5 5 5
4 1 1
5 3 5
4 5 2
1 3 5
5 5 5
4 1 1
5 3 5
4 5 2
1 3 5
5 5 5
4 1 1
5 3 5
4 5 2
1 3 5
5 5 5
4 1 1
5 3 5
4 5 2
1 3 5
5 5 5
4 1 1
5 3 5
4 5 2
1 3 5
5 5 5
4 1 1
5 3 5
4 5 2
1 3 5
5 5 5
4 1 1
5 3 5
4 5 2
1 3 5
5 5 5
4 1 1
5 3 5
4 5 2
1 3 5
5 5 5
4 1 1
5 3 5
4 5 2
1 3 5
5 5 5
4 1 1
5 3 5
4 5 2
1 3 5
5 5 5
4 1 1
5 3 5
4 5 2
1 3 5
5 5 5
4 1 1
5 3 5
4 5 2
1 3 5

